[gd_scene load_steps=10 format=3 uid="uid://by8cvsuoualcu"]

[ext_resource type="PackedScene" uid="uid://btmu341uxag81" path="res://assets/maps/de_dust_2_with_real_light.tscn" id="1_efijd"]
[ext_resource type="Texture2D" uid="uid://cvcjotutiu1ch" path="res://terrain/Textures/MetalPlates011_1K-JPG/MetalPlates011_1K-JPG_Color.jpg" id="2_850q5"]
[ext_resource type="PackedScene" uid="uid://bokfktlopodqi" path="res://assets/fps_player_template.tscn" id="2_qha0f"]
[ext_resource type="PackedScene" uid="uid://djcvpksnr5iut" path="res://assets/fps_enemy_template.tscn" id="3_v2jdl"]

[sub_resource type="ProceduralSkyMaterial" id="ProceduralSkyMaterial_mkg0v"]
sky_top_color = Color(0.384314, 0.454902, 0.54902, 1)
sky_horizon_color = Color(0.646078, 0.655882, 0.670588, 1)
ground_bottom_color = Color(0.2, 0.168627, 0.133333, 1)
ground_horizon_color = Color(0.646078, 0.655882, 0.670588, 1)

[sub_resource type="Sky" id="Sky_qmq3y"]
sky_material = SubResource("ProceduralSkyMaterial_mkg0v")

[sub_resource type="Environment" id="Environment_l207v"]
background_mode = 2
sky = SubResource("Sky_qmq3y")
tonemap_mode = 2

[sub_resource type="StandardMaterial3D" id="StandardMaterial3D_me50o"]
albedo_texture = ExtResource("2_850q5")

[sub_resource type="StandardMaterial3D" id="StandardMaterial3D_sbjuc"]
albedo_color = Color(0, 0, 0, 1)

[node name="fps_world" type="Node3D"]

[node name="DirectionalLight3D" type="DirectionalLight3D" parent="."]
transform = Transform3D(-0.866023, -0.433016, 0.250001, 0, 0.499998, 0.866027, -0.500003, 0.749999, -0.43301, 0, 0, 0)
light_color = Color(1, 0.603922, 0, 1)
light_energy = 5.0
shadow_enabled = true

[node name="WorldEnvironment" type="WorldEnvironment" parent="."]
environment = SubResource("Environment_l207v")

[node name="de_dust_2_with_real_light" parent="." instance=ExtResource("1_efijd")]
transform = Transform3D(1.7, 0, 0, 0, 1.7, 0, 0, 0, 1.7, 0.778443, 0, 1.20253)

[node name="CSGBox3D51" type="CSGBox3D" parent="."]
transform = Transform3D(-4.37114e-08, 0, 1, 0, 1, 0, -1, 0, -4.37114e-08, 16.702, -0.381735, -19.0141)
material_override = SubResource("StandardMaterial3D_me50o")
use_collision = true
size = Vector3(1.54868, 13.6617, 11.7454)
material = SubResource("StandardMaterial3D_sbjuc")

[node name="CSGBox3D52" type="CSGBox3D" parent="."]
transform = Transform3D(-4.37114e-08, 0, 1, 0, 1, 0, -1, 0, -4.37114e-08, 12.2794, -0.381735, -51.9983)
material_override = SubResource("StandardMaterial3D_me50o")
use_collision = true
size = Vector3(1.54868, 13.6617, 11.7454)
material = SubResource("StandardMaterial3D_sbjuc")

[node name="CSGBox3D53" type="CSGBox3D" parent="."]
transform = Transform3D(-4.37114e-08, 0, 1, 0, 1, 0, -1, 0, -4.37114e-08, -10.5973, -0.381735, -45.3032)
material_override = SubResource("StandardMaterial3D_me50o")
use_collision = true
size = Vector3(1.54868, 13.6617, 11.7454)
material = SubResource("StandardMaterial3D_sbjuc")

[node name="CSGBox3D54" type="CSGBox3D" parent="."]
transform = Transform3D(-4.37114e-08, 0, 1, 0, 1, 0, -1, 0, -4.37114e-08, -37.1266, -0.381735, -29.1931)
material_override = SubResource("StandardMaterial3D_me50o")
use_collision = true
size = Vector3(18.3496, 13.6617, 0.670319)
material = SubResource("StandardMaterial3D_sbjuc")

[node name="fps_player" parent="." instance=ExtResource("2_qha0f")]
transform = Transform3D(1, 0, 0, 0, 1, 0, 0, 0, 1, 42.3473, -4.08945, -1.69287)

[node name="fps_enemy" parent="." instance=ExtResource("3_v2jdl")]
transform = Transform3D(0.64679, 0, 0.762668, 0, 1, 0, -0.762668, 0, 0.64679, 36.4449, 1.25244, -22.4089)

[node name="fps_enemy2" parent="." instance=ExtResource("3_v2jdl")]
transform = Transform3D(0.79653, 0, -0.604599, 0, 1, 0, 0.604599, 0, 0.79653, 47.3518, 1.25244, -54.5706)

[node name="fps_enemy3" parent="." instance=ExtResource("3_v2jdl")]
transform = Transform3D(0.638768, 0, 0.769399, 0, 1, 0, -0.769399, 0, 0.638768, 34.5894, 3.85023, -69.1156)

[node name="fps_enemy4" parent="." instance=ExtResource("3_v2jdl")]
transform = Transform3D(0.638768, 0, 0.769399, 0, 1, 0, -0.769399, 0, 0.638768, 12.9635, -2.6622, -65.8145)

[node name="fps_enemy5" parent="." instance=ExtResource("3_v2jdl")]
transform = Transform3D(0.257133, 0, 0.966376, 0, 1, 0, -0.966376, 0, 0.257133, -26.9455, -0.843192, -68.5884)

[node name="fps_enemy6" parent="." instance=ExtResource("3_v2jdl")]
transform = Transform3D(0.257133, 0, 0.966376, 0, 1, 0, -0.966376, 0, 0.257133, -52.1135, 2.13498, -75.1066)

[node name="fps_enemy7" parent="." instance=ExtResource("3_v2jdl")]
transform = Transform3D(-0.498488, 0, -0.866897, 0, 1, 0, 0.866897, 0, -0.498488, -50.6254, 1.93493, -37.8098)

[node name="fps_enemy8" parent="." instance=ExtResource("3_v2jdl")]
transform = Transform3D(-0.673012, 0, -0.739631, 0, 1, 0, 0.739631, 0, -0.673012, -42.9165, 3.865, 4.01046)

[node name="fps_enemy9" parent="." instance=ExtResource("3_v2jdl")]
transform = Transform3D(0.83867, 0, -0.544639, 0, 1, 0, 0.544639, 0, 0.83867, -30.1482, 5.07898, 21.4296)

[node name="fps_enemy10" parent="." instance=ExtResource("3_v2jdl")]
transform = Transform3D(-0.93358, 0, -0.358368, 0, 1, 0, 0.358368, 0, -0.93358, -10.8132, 1.61691, 17.0016)

[node name="fps_enemy11" parent="." instance=ExtResource("3_v2jdl")]
transform = Transform3D(0.678159, 0, -0.734914, 0, 1, 0, 0.734914, 0, 0.678159, 18.1625, 0.961684, -6.55625)

[node name="fps_enemy12" parent="." instance=ExtResource("3_v2jdl")]
transform = Transform3D(0.615661, 0, 0.78801, 0, 1, 0, -0.78801, 0, 0.615661, 4.35145, 0.961684, -6.55625)
